Id,SalePrice
1461,121774.76962793675
1462,161205.0372576138
1463,181193.6482642108
1464,199357.01856299458
1465,196288.18005241026
1466,170996.69048597745
1467,175376.61702310457
1468,164661.68231112353
1469,187281.5166929752
1470,120852.71510070884
1471,175674.04262381673
1472,100705.30196283713
1473,98465.46817137198
1474,144292.92599090128
1475,119120.11073253311
1476,361755.42345892906
1477,246196.48972301398
1478,292781.1176333736
1479,291254.72239129775
1480,544151.6043502077
1481,323729.2855256857
1482,208955.87178417575
1483,173931.33718404896
1484,166004.82155035646
1485,183992.34941153086
1486,193658.5438883761
1487,342228.205884797
1488,229070.72251713133
1489,191694.58847804906
1490,240116.10602425545
1491,192840.2298016661
1492,89619.07873403131
1493,173087.78703629354
1494,287817.5224285671
1495,282786.25775446766
1496,235269.5520392927
1497,174247.07542123098
1498,182798.71292202806
1499,167414.52092494056
1500,160165.59646699612
1501,173925.28959433213
1502,149607.14452926395
1503,325554.40930967074
1504,242454.62722957975
1505,227535.88557142502
1506,190899.18891811787
1507,249440.19972243387
1508,197693.25821517926
1509,155950.22488856048
1510,148329.5518453884
1511,163807.40854219464
1512,173190.0269915691
1513,139107.5356439491
1514,158728.5204211829
1515,186413.00561444528
1516,148324.6844940426
1517,170319.2487704554
1518,134496.39675489313
1519,212390.531674513
1520,129807.5363255228
1521,132731.6107580394
1522,172710.29705737036
1523,115074.91086015006
1524,118913.82652629737
1525,119454.40053899535
1526,111567.17082546718
1527,106054.9313214066
1528,130297.85198204409
1529,157605.90417006446
1530,199430.12443548272
1531,118836.60210058265
1532,90486.07742250549
1533,149535.98582511835
1534,115588.9885943005
1535,139345.83603841258
1536,108654.05663999231
1537,59640.38942100702
1538,150967.68903754035
1539,181776.09240042852
1540,80613.26764315923
1541,142337.3181951538
1542,145444.36750334234
1543,182414.5749479294
1544,83318.4062518674
1545,115041.0755545546
1546,139743.78185373152
1547,136798.40014206758
1548,133376.2291431536
1549,122143.38553765169
1550,134804.2146564871
1551,100005.86808800981
1552,136536.081030525
1553,139608.23011999243
1554,123599.30414790813
1555,165848.64831539078
1556,86998.35435562803
1557,107414.99228042229
1558,108588.54483633059
1559,62902.82889171259
1560,127389.46214289655
1561,117339.52214750332
1562,134775.62498426874
1563,121863.7737772785
1564,158929.0168395092
1565,151005.76787681214
1566,230068.9126214737
1567,78786.22282417347
1568,241255.63131624158
1569,138016.1110747545
1570,137903.9540645648
1571,117357.78079599324
1572,139914.73321797024
1573,250541.13847666417
1574,119108.54327873084
1575,229959.58066765527
1576,241116.43804477516
1577,182222.38703084484
1578,142327.69610984405
1579,142536.84507974543
1580,192280.18298851905
1581,158033.51334654208
1582,124892.45683679462
1583,300132.150112586
1584,218789.52868770564
1585,138905.66148928629
1586,80232.09020049966
1587,109859.71214081935
1588,151158.32444533377
1589,97985.97556445439
1590,130767.42067683114
1591,96311.33061417038
1592,112243.07174230866
1593,120302.36523817087
1594,123145.10142979924
1595,107027.59564333486
1596,217660.85224220823
1597,195310.42692327124
1598,210955.73889671674
1599,171355.29807985263
1600,163345.06474498133
1601,70833.58178085857
1602,119810.64707258742
1603,59736.58518380482
1604,267727.8694446403
1605,232035.22198277866
1606,161482.19036299546
1607,181148.1708056428
1608,215362.0867020254
1609,180705.7299060564
1610,153714.01954440112
1611,136970.38923929064
1612,172907.50362831657
1613,167368.27373610617
1614,121512.74630492323
1615,89527.6367097945
1616,78380.06323322406
1617,91765.88569574362
1618,137167.4110155855
1619,142710.24812347806
1620,163179.51575365043
1621,133882.5700524514
1622,145191.57031028718
1623,254520.71946707167
1624,211669.80523042698
1625,118184.22139514009
1626,170033.278788789
1627,194188.87154223424
1628,273245.2491386322
1629,173200.40884703945
1630,360530.669684089
1631,223987.4889764416
1632,240594.3118526308
1633,173046.1301972334
1634,188789.77399809653
1635,174249.70024174542
1636,155732.0824773421
1637,199817.28717491077
1638,179895.84407277367
1639,181912.06719358155
1640,241824.4566589383
1641,175573.7549722749
1642,245587.025853341
1643,217425.0694202717
1644,239241.66181903944
1645,214247.75411246496
1646,159512.01867113085
1647,155288.3702676986
1648,130288.51014439084
1649,142537.5258451656
1650,116538.19632493843
1651,121113.94923399048
1652,100558.99205126731
1653,102977.21440743344
1654,144086.56603624436
1655,137254.17453625743
1656,141417.76268241223
1657,146110.3585988291
1658,148238.84943528505
1659,127214.50064667441
1660,157112.34624620175
1661,467426.81440753606
1662,383752.0016254373
1663,373449.37811876443
1664,591953.6867240174
1665,303052.8305909386
1666,316976.6352536822
1667,388854.9184171913
1668,330536.80161051
1669,294078.8855061633
1670,339049.604690857
1671,266290.5337848161
1672,440081.8677743692
1673,286018.7013344539
1674,239442.7328822307
1675,198966.09002899908
1676,198191.51182503838
1677,215085.7790555281
1678,502293.7202877393
1679,397535.3669544742
1680,321978.5115263523
1681,243771.99583322866
1682,314679.2610897487
1683,192452.14437285505
1684,176025.94851632888
1685,174479.8878529153
1686,171153.91292875266
1687,167661.89028203647
1688,193182.10825111537
1689,191420.50712205828
1690,197210.894514023
1691,187937.9316045092
1692,254155.06748191942
1693,166208.33005788337
1694,184613.73933605218
1695,165576.58570778032
1696,271527.1319896856
1697,168593.49583185444
1698,346943.924416073
1699,317838.6031959574
1700,256554.10823730726
1701,266307.8132018164
1702,240730.02811029315
1703,238414.9497581946
1704,272848.7762715342
1705,236275.7147551846
1706,454573.2824716705
1707,210990.39333238886
1708,201029.14583773763
1709,257849.55913123614
1710,223121.5537265629
1711,271733.8000511299
1712,259036.42992131744
1713,276890.90536676423
1714,224624.41741051135
1715,206712.06918189052
1716,183495.32180244086
1717,176757.21840424475
1718,136285.54135577302
1719,211301.5962001396
1720,234008.56709249303
1721,154885.8193240254
1722,120398.72706866529
1723,151084.62550749411
1724,204734.5324052447
1725,239009.4279087411
1726,187163.771117042
1727,154751.44831257613
1728,169145.5475289143
1729,167869.2725490787
1730,147557.10022140804
1731,116073.37543700162
1732,135731.64352147919
1733,113995.62868500879
1734,123699.89779426114
1735,122625.6340116944
1736,109701.39888349462
1737,310103.881681588
1738,253108.57751801077
1739,236597.5895999266
1740,231931.86691761305
1741,201929.28718428945
1742,166828.9911472869
1743,172404.0500037339
1744,365362.8273865055
1745,208628.76366502114
1746,175276.5794271919
1747,216279.93124245614
1748,221448.17451718842
1749,143898.9572251749
1750,122928.31613224036
1751,245604.27684223052
1752,117951.83199428275
1753,149042.1797351353
1754,194003.3244554451
1755,163964.3613578994
1756,130221.62634308326
1757,123306.07114867697
1758,146071.2349208112
1759,159192.00891700436
1760,161459.77729002974
1761,145232.10999245002
1762,173562.55877466814
1763,183007.45902908238
1764,118797.74184415517
1765,138438.5815899326
1766,196526.9240452639
1767,217966.38509779182
1768,140935.94513769576
1769,165369.1923057891
1770,154223.20613463598
1771,115430.33419626829
1772,130359.24973128758
1773,126345.75481802916
1774,149681.00753103764
1775,143983.1190913546
1776,128400.22935307404
1777,106078.24478421548
1778,141517.58868912127
1779,129922.90857665174
1780,162328.50199573924
1781,123049.8763201451
1782,96799.83082561697
1783,145810.19917305358
1784,116854.42568804428
1785,117147.16519571852
1786,150566.22897465902
1787,162985.7533349564
1788,66845.17723532225
1789,94499.47011255262
1790,88215.35394008092
1791,196651.9687539072
1792,154157.74137310332
1793,130096.36429944342
1794,154727.82779791247
1795,136412.41582399778
1796,132734.11670180914
1797,114609.23184304027
1798,121359.97437812838
1799,110037.36348020885
1800,128821.38123929358
1801,126853.2283838044
1802,132634.02677151546
1803,150498.1837476242
1804,139228.40537047997
1805,134544.3535019862
1806,121023.59948637999
1807,124790.36573878583
1808,116906.09259581161
1809,123887.71699614372
1810,138514.4303224225
1811,96966.5532441604
1812,94440.5505245698
1813,129393.75928876942
1814,97658.31834746219
1815,62825.18515286897
1816,98794.62953948049
1817,113700.40454194657
1818,147682.78358821478
1819,138496.91024226314
1820,53871.0233101904
1821,109017.50164872782
1822,153399.71173678464
1823,42552.70021525546
1824,117953.94498197983
1825,140604.54064542608
1826,115941.68909948521
1827,99493.33555246143
1828,129215.69635373859
1829,112533.82324501866
1830,142485.9680774572
1831,137446.459238148
1832,67314.930174752
1833,138738.43569989584
1834,129844.78572596812
1835,123448.15876702145
1836,122390.84313520258
1837,88844.26214559421
1838,128202.33568513562
1839,116108.17816535517
1840,138226.38125442126
1841,130307.76358874714
1842,105229.79172744938
1843,136192.95885896232
1844,140806.97856147247
1845,141303.16090831085
1846,155360.85384209364
1847,171372.95291760698
1848,61940.77444712202
1849,103034.86484487932
1850,118876.60794919312
1851,149700.32767508738
1852,130290.08280670714
1853,133271.89228635753
1854,163992.60830900137
1855,150985.16869308802
1856,227809.68406023365
1857,135309.64848510706
1858,131508.59498888697
1859,116693.34982049814
1860,150090.59157538274
1861,116869.9443253988
1862,322865.77442885307
1863,306470.1166429892
1864,306498.4606257457
1865,345315.51380808675
1866,332579.30094747193
1867,217916.6691249087
1868,286331.7675942123
1869,202497.86085275485
1870,216864.59744498163
1871,251421.99697214953
1872,174643.28087035142
1873,250342.76430228443
1874,149824.09428258563
1875,193636.73526413876
1876,201968.9465079011
1877,207385.0566736554
1878,200376.06657278028
1879,131709.76351770732
1880,127944.19701815626
1881,249081.28835566156
1882,237827.38015527066
1883,183445.48284728313
1884,198437.91612607354
1885,219404.83032540142
1886,275160.6055260869
1887,212699.56580965032
1888,262200.9456269991
1889,175040.6504043633
1890,117707.70486654072
1891,121039.89214554786
1892,102348.33966853919
1893,131745.80694841384
1894,127135.2617884621
1895,135871.76172280704
1896,127203.02716076498
1897,125502.33555149454
1898,121413.2740052539
1899,156979.3972084589
1900,152885.6281875615
1901,172059.73964763014
1902,156761.70210356486
1903,222341.61176347663
1904,143007.0017636212
1905,192622.74354356146
1906,117322.35915518101
1907,211895.97568024826
1908,112099.474402822
1909,133991.1151363581
1910,122295.86392877252
1911,212934.0426188238
1912,341891.09742982034
1913,146116.8473620502
1914,53510.322605619855
1915,322279.59765357256
1916,62192.23833736126
1917,226762.52704205716
1918,139348.08213317487
1919,167784.31576024462
1920,151457.9643414245
1921,391420.8216588267
1922,319426.8887562802
1923,234502.1461092916
1924,251074.51051771228
1925,196191.67404291144
1926,379729.9132752608
1927,132292.4077940896
1928,159366.9414696062
1929,122634.50139935351
1930,129553.97435653559
1931,137436.70773217472
1932,134699.00098682544
1933,203817.33435393625
1934,182294.326383916
1935,174904.6095902851
1936,195331.32126272193
1937,181920.325182938
1938,167521.23068458284
1939,255979.64913818295
1940,193033.1350292945
1941,168687.2473442192
1942,170510.28406171929
1943,220876.46190911328
1944,383751.94196673325
1945,396516.89980137604
1946,131165.7985701171
1947,322894.9041043583
1948,168267.89137180024
1949,242425.53506175822
1950,181744.35310901637
1951,239840.96370897043
1952,203729.77057377849
1953,170159.32909443692
1954,180750.52276591145
1955,134207.0970818816
1956,322938.7543020875
1957,146483.32968251474
1958,277556.9971081932
1959,144558.67122202477
1960,113517.63402347654
1961,127583.04222650305
1962,97866.86845240221
1963,106690.3634986753
1964,105658.74974040833
1965,146381.2469736507
1966,140075.06825311412
1967,290831.07247644436
1968,431353.1579486627
1969,372972.5443756312
1970,423210.9323405817
1971,504357.8058792034
1972,378165.2753225179
1973,272972.9956320775
1974,337544.25633980334
1975,562337.7387320377
1976,268489.54465803667
1977,354042.8999654391
1978,354744.1782161434
1979,316525.9594020675
1980,207311.84828224801
1981,341573.29671387275
1982,216015.26382417322
1983,204087.85862254212
1984,168385.29161453154
1985,224624.78806273313
1986,206008.06293307614
1987,185918.81887775275
1988,177449.16856690036
1989,191323.74248842566
1990,207793.18666731028
1991,230673.03204140475
1992,216168.64914996686
1993,169443.634208416
1994,222428.67178288996
1995,185522.49781872908
1996,257762.21902202503
1997,312688.13996493106
1998,302949.146862206
1999,286232.97991751117
2000,309328.57226353366
2001,278848.20213319315
2002,233165.84061706814
2003,255440.36489121945
2004,283090.6703140647
2005,219744.7949573806
2006,218438.64065395645
2007,241237.09304707946
2008,224358.53356841108
2009,202197.3614278801
2010,190223.53655533775
2011,133143.08994478948
2012,173734.42016042944
2013,180863.84354014092
2014,187473.35634538913
2015,208800.24005019327
2016,193989.57030654798
2017,191888.7278938788
2018,120698.38023763121
2019,136506.18952002455
2020,98361.40512151904
2021,106048.07296634107
2022,187188.5957023796
2023,141783.0929903482
2024,275128.82503205934
2025,354107.5900715069
2026,184039.4539656463
2027,164118.0108296335
2028,149437.87464802072
2029,168006.68115453527
2030,259580.9120188043
2031,228860.7931415287
2032,248549.298444743
2033,251607.8441754159
2034,171608.9973387603
2035,223436.43334520914
2036,198193.0224405205
2037,220755.40266806245
2038,322745.4990866201
2039,221178.18340154053
2040,300742.9148532238
2041,308519.4436263831
2042,207091.15265211675
2043,179753.39839271217
2044,167386.61869150095
2045,200610.4631810192
2046,160445.81870281632
2047,141245.98810200728
2048,141679.45598373114
2049,148856.73256047105
2050,163869.24607430477
2051,102201.49016646322
2052,121932.32840099423
2053,147276.71994497898
2054,109467.53784500547
2055,148272.8163523998
2056,144465.3753841927
2057,111778.5265793232
2058,213830.38311898234
2059,134106.37727319892
2060,172007.26832149806
2061,166844.25554591836
2062,129211.30302947627
2063,121251.0834689676
2064,141001.21390497513
2065,104460.5897792952
2066,158949.34685002733
2067,102416.33419759975
2068,151010.97534773685
2069,83086.23562567223
2070,115420.41879263183
2071,100162.68087638891
2072,139917.0278154743
2073,127146.7707994519
2074,174212.97694491837
2075,148500.26617368037
2076,118470.54456413507
2077,165468.45391955125
2078,128637.1122336511
2079,127137.12273700279
2080,117271.05025423702
2081,128125.33590189042
2082,118426.5987971336
2083,144624.48736638628
2084,114078.5290337822
2085,120404.49633555034
2086,104652.26586701459
2087,117801.85457424306
2088,96533.08390267774
2089,84996.03929693736
2090,124727.23202866236
2091,111266.65816909159
2092,118352.13593118831
2093,103749.85840054226
2094,103840.87821998372
2095,158036.5744658076
2096,84332.72541987432
2097,102546.17683985227
2098,146696.3890472992
2099,66046.76975353036
2100,63679.24590318614
2101,113912.90160575793
2102,120390.852149418
2103,108466.17018108214
2104,123867.39964925243
2105,132363.74729330864
2106,76140.92073399607
2107,192514.623205605
2108,115088.5755645592
2109,109611.10404437697
2110,114865.93455039633
2111,120493.10349627981
2112,134239.11286293773
2113,120814.6857701383
2114,128353.92856873931
2115,158243.58215614347
2116,107415.68963042722
2117,147140.682610007
2118,123665.05416312539
2119,119364.09645873471
2120,113827.71452707279
2121,92067.51773647877
2122,124829.12133042034
2123,82588.89974872266
2124,152099.87435591727
2125,124590.74516326324
2126,158312.23361720555
2127,162713.62835039746
2128,121220.1295797684
2129,79402.54693575112
2130,135788.30397116998
2131,150520.5335615229
2132,105164.9101847533
2133,117737.86059919368
2134,123133.82134872323
2135,95821.57732574249
2136,78209.59640770753
2137,105512.96999615924
2138,127321.37275467967
2139,144373.83371372017
2140,137076.97368476188
2141,153020.52027111902
2142,130606.45148134381
2143,147621.42418467303
2144,129084.80407077045
2145,141911.53278519606
2146,167439.60958724705
2147,148026.26071460888
2148,130461.57165774835
2149,144079.54685667588
2150,227697.34395539167
2151,124252.7808521545
2152,157587.6061653739
2153,171376.29828272303
2154,100180.01710902674
2155,138617.99987062468
2156,259286.1421881511
2157,235255.34789289287
2158,238101.4060783343
2159,205468.4730341491
2160,187421.2145014342
2161,231999.81718205375
2162,418809.91585429374
2163,356370.0219134081
2164,249355.85725604426
2165,206750.75867709378
2166,156781.84059358886
2167,219893.03364889414
2168,197899.05288765737
2169,193512.88516565465
2170,210827.534122532
2171,152848.88726781736
2172,129319.13224399819
2173,170678.00911764093
2174,222386.79790860906
2175,289102.55507275125
2176,305231.55437143915
2177,242409.15928629233
2178,205344.9661977586
2179,138860.7871394582
2180,208492.09692363752
2181,191000.9094998375
2182,224102.9253760719
2183,187637.90183225152
2184,118252.99494934532
2185,123907.19534149767
2186,145641.254161394
2187,151275.61380353698
2188,152164.04848075332
2189,282342.9104231081
2190,78730.18774347981
2191,74052.03607692258
2192,85696.35831552748
2193,111139.82257843475
2194,108689.11045379569
2195,116852.99325942952
2196,109633.88964453914
2197,116292.58689624687
2198,150970.2795050924
2199,189142.9796901889
2200,150158.5586915556
2201,146982.71677387317
2202,211953.7321812813
2203,149494.68842913816
2204,178821.68796191923
2205,122907.95914037894
2206,139437.50529821776
2207,219491.94245352963
2208,261994.93090024387
2209,260394.16032972498
2210,123270.7498522485
2211,110748.74657890527
2212,125127.00679583846
2213,109507.0177556157
2214,125483.52901246648
2215,100757.83190815749
2216,147346.03420243747
2217,71713.74869597114
2218,69027.19555278012
2219,65536.57740599933
2220,63262.20127687524
2221,324617.8875816698
2222,291829.88198244694
2223,278386.1233223278
2224,204643.27457986673
2225,121728.10371756254
2226,183745.49810170537
2227,197276.08974106092
2228,268390.70745321736
2229,251413.36030072873
2230,150165.05857345668
2231,212973.71505090295
2232,180192.59718295134
2233,181894.98600042958
2234,238720.49218587973
2235,219777.7842921445
2236,255477.68428540998
2237,319204.14478548785
2238,195959.57465895044
2239,95770.83651923467
2240,154893.4242002234
2241,158996.86474969218
2242,119608.69064330806
2243,118321.25484612866
2244,102293.92251702647
2245,101478.69336588099
2246,134156.12517632195
2247,109046.23026365113
2248,123102.84807719095
2249,123969.41213480204
2250,128822.44795872855
2251,114786.27320975164
2252,181074.9730265597
2253,156825.26214926058
2254,171350.893211658
2255,182308.53978823512
2256,168716.73091067944
2257,208176.16309733063
2258,158004.81567298545
2259,177694.89823737976
2260,132203.00842536573
2261,200316.3002859163
2262,217191.89853481186
2263,388928.6396574866
2264,587774.966206378
2265,160477.13140051416
2266,305385.8895249436
2267,387969.3634166982
2268,485537.45907165005
2269,146587.71217728453
2270,195832.11774652344
2271,212172.84214478428
2272,191487.39820930173
2273,157163.7192430659
2274,182898.2510543006
2275,161607.26802782153
2276,197496.2215316976
2277,184503.7663061837
2278,141200.1477555071
2279,136072.0447852668
2280,109626.9600479454
2281,166942.80417076638
2282,182878.61963969213
2283,108223.10074715082
2284,116337.41663453377
2285,144909.76467658413
2286,124466.05668549125
2287,365070.5805487501
2288,277528.57676245976
2289,365430.9877774894
2290,479695.6349213518
2291,330743.9371938098
2292,435003.46248904633
2293,499450.3857974365
2294,404360.30530088046
2295,517613.9733851174
2296,283592.3423932129
2297,355353.25469889934
2298,355195.9735741869
2299,365726.5680445182
2300,321902.0852680208
2301,311097.0439456167
2302,250259.3775079161
2303,238719.828818324
2304,255732.96138928618
2305,203517.13896267329
2306,195920.38687445392
2307,202649.94423626637
2308,236668.74549575927
2309,278505.395889584
2310,212403.6248035536
2311,210569.3769564497
2312,174356.71260952522
2313,170399.79233343643
2314,175258.1020081748
2315,184879.43314334672
2316,194108.12307804902
2317,188033.70815387904
2318,182840.33627813752
2319,186908.70142513694
2320,185081.4238965493
2321,234446.9185698881
2322,184943.4939209701
2323,189550.26893182227
2324,178546.77939760892
2325,211985.25078653864
2326,175135.60918107902
2327,202241.8886669649
2328,218913.6841982374
2329,193545.54071009957
2330,186000.94490448147
2331,349628.615721572
2332,388874.3948728957
2333,315861.52582184126
2334,251086.12598481955
2335,278435.82064787863
2336,308637.0697074055
2337,193323.27463890685
2338,255195.8063713878
2339,209202.4934775958
2340,391366.9266105645
2341,217159.73181301964
2342,226549.71360558047
2343,229966.01434216218
2344,203337.69863121115
2345,232304.67210678183
2346,214079.81363817424
2347,200752.03336259228
2348,239166.8028603271
2349,187315.62131300985
2350,307899.93855741154
2351,260566.4164463805
2352,240216.1068224427
2353,250700.96610780302
2354,142934.54309603362
2355,143705.68598243652
2356,148053.47302167735
2357,189987.46330381933
2358,197276.35710982198
2359,129519.41931980549
2360,116419.74883500944
2361,148723.1611036488
2362,267946.31409242743
2363,133704.0432648118
2364,153746.89653955522
2365,212832.79199720672
2366,201544.4713019015
2367,226221.99886893012
2368,228291.86521744452
2369,221721.2232952837
2370,169854.6415542834
2371,160506.0460933155
2372,195902.90693379627
2373,283689.77083784906
2374,322792.4212133368
2375,239385.82618035842
2376,314370.67338501854
2377,345462.97899406793
2378,155453.99780867487
2379,205583.14555715627
2380,149380.029436191
2381,173590.1758270299
2382,200531.71224561436
2383,197759.9565026615
2384,239322.44584287266
2385,159588.41468399984
2386,133598.3605090239
2387,129384.88909973823
2388,99535.10057799543
2389,120281.89951950223
2390,149742.36817540004
2391,147319.78824317374
2392,117981.58637415613
2393,174281.9769513279
2394,144991.9034234519
2395,205981.64771106557
2396,137903.99701348782
2397,216757.63169439894
2398,128151.48160527847
2399,70602.35469066785
2400,78123.82767455331
2401,132674.07579252135
2402,134118.2950858771
2403,150327.56312595395
2404,149718.00078961372
2405,157890.47638833564
2406,141914.61059064703
2407,125845.9890934425
2408,143148.6792478639
2409,119027.50636352174
2410,168484.06712233758
2411,113598.02396253185
2412,153955.80672338424
2413,128544.35051899898
2414,163159.9407071565
2415,139522.4424486558
2416,121844.5342225868
2417,134183.39488895374
2418,136568.24309177112
2419,131593.9638552292
2420,123929.52320517458
2421,148831.39915576123
2422,105811.93610676321
2423,111615.76889350015
2424,153401.4504987142
2425,205870.24822480674
2426,130656.17709075192
2427,128165.90416221012
2428,174790.1727083861
2429,113905.98547547215
2430,132281.23622182026
2431,115057.42043775058
2432,146644.4799464653
2433,145424.55864597723
2434,136867.2473623214
2435,149857.29979814793
2436,114053.36901798054
2437,106330.48852936151
2438,124469.3192169817
2439,99428.39645176174
2440,125193.95477873094
2441,83326.46537059097
2442,95742.57557470657
2443,121936.33255916563
2444,133967.36353930915
2445,92361.58725818079
2446,136140.1694785438
2447,175466.89470425042
2448,128425.61949761017
2449,117124.08171585648
2450,146706.31610267228
2451,125209.43938411071
2452,185502.43540841786
2453,95523.56760286266
2454,115622.64444309316
2455,114107.34709419351
2456,120652.95721323651
2457,140137.19049928396
2458,136924.55676646682
2459,110363.9410986332
2460,141127.1399211264
2461,128259.10293423841
2462,131593.38730844654
2463,126440.25689277648
2464,174651.8103657009
2465,142599.43853195108
2466,121938.07427445825
2467,130243.04114424482
2468,84146.57398946841
2469,88360.65812353627
2470,186893.24285574773
2471,211627.67985753773
2472,152991.79427341002
2473,121335.72537133079
2474,76181.81953727645
2475,206470.13712587912
2476,114307.20594003523
2477,125546.05572477468
2478,152415.41826489815
2479,104479.45533589336
2480,148166.410623005
2481,119320.90659058372
2482,124747.0257093185
2483,111053.79365941025
2484,117896.69416319462
2485,127858.7909720662
2486,153023.88419266327
2487,166718.7343784269
2488,163717.90371787932
2489,152063.23982425453
2490,141150.69766473077
2491,87532.72226905708
2492,198768.80698889025
2493,148210.09916303877
2494,135588.95333405572
2495,81695.51420422787
2496,236913.91534458502
2497,151189.51954062455
2498,117130.8240980121
2499,81628.7402719502
2500,135480.53115970932
2501,136084.7205846133
2502,139042.7824620077
2503,97470.20883527721
2504,188893.7089428044
2505,231266.04464633443
2506,248308.81385968276
2507,280810.99852588587
2508,248962.01321330675
2509,214686.61928482
2510,215720.09014790162
2511,172773.9002597849
2512,204859.2606621359
2513,221273.6555017316
2514,271746.12566822185
2515,153183.01289681363
2516,176959.16794176082
2517,151385.76922198257
2518,154685.45198229706
2519,240670.18311213437
2520,218839.7566810587
2521,185535.2530140338
2522,221458.9616127596
2523,118011.77154574289
2524,138542.56723811294
2525,146743.05431773642
2526,145027.16367334157
2527,118476.03437360113
2528,141862.45703959552
2529,125513.30236466636
2530,129758.90020990072
2531,251527.95528876275
2532,223073.18472005916
2533,194399.4959378315
2534,231787.07624287778
2535,286536.59555177094
2536,235073.1987475161
2537,242386.80136024475
2538,186162.89597516923
2539,181526.59752517653
2540,181960.8773200305
2541,180546.0745245247
2542,163725.10996316472
2543,119767.23070576551
2544,119985.77043605955
2545,128892.22037430861
2546,126897.01219364135
2547,132292.4461171517
2548,149313.69880916682
2549,162545.80635977548
2550,1482286.4744996876
2551,140171.69138176425
2552,133112.7152550688
2553,74202.26587286248
2554,89175.52915947053
2555,123597.28146848608
2556,103397.26009438498
2557,106783.32036951823
2558,137664.4172915345
2559,137702.9006395048
2560,157599.8220822388
2561,157233.1818995798
2562,150411.6573292727
2563,151424.0889162482
2564,212003.04082339804
2565,147760.5366265108
2566,162857.25702064714
2567,142598.62026120533
2568,204526.38805492825
2569,232502.85022680846
2570,118190.33358834135
2571,197465.93789153046
2572,151102.83296021403
2573,227177.64652381407
2574,284873.8287896056
2575,135631.76918648797
2576,125623.19495391166
2577,122907.8247848492
2578,82092.54738968794
2579,62416.32759811265
2580,75936.22675310606
2581,98618.90544421742
2582,95699.61289229139
2583,285993.1915539712
2584,170978.390780474
2585,189900.49870421767
2586,216942.6248086187
2587,193752.02596288463
2588,142616.93052659227
2589,147057.48716366317
2590,206242.7623801661
2591,219502.74672014912
2592,210776.2924703171
2593,248277.9089902027
2594,173446.3512375184
2595,196859.9832764435
2596,281430.7262055626
2597,192020.90742618853
2598,286475.00625681493
2599,379374.0586063501
2600,151431.01690233639
2601,137702.2173184552
2602,84272.31087594567
2603,94446.69446320093
2604,88496.35663201378
2605,82743.3477965587
2606,142450.54015658717
2607,213913.7375211911
2608,176268.88258758627
2609,175549.54683334762
2610,106661.79236857199
2611,149284.16582701038
2612,157598.35702690762
2613,127361.59322313432
2614,122392.13736889549
2615,151661.95032576556
2616,147341.77561763633
2617,190311.7560068982
2618,187181.56503163817
2619,197517.32219848607
2620,188311.83119854893
2621,171980.00219927056
2622,179235.35539615637
2623,235480.10171961904
2624,310796.9451434617
2625,291047.56243622454
2626,172376.65059562455
2627,166594.97629978447
2628,524396.0875298008
2629,547835.9027244286
2630,390972.6390580527
2631,526708.6920054781
2632,429162.83129396924
2633,305812.6402631172
2634,442892.7288478294
2635,151809.19940227654
2636,174507.94638718068
2637,178659.31019346768
2638,258841.9498273142
2639,174527.02237573487
2640,146068.23613804366
2641,109581.7360648104
2642,183652.52045399038
2643,106779.46728609214
2644,118822.798008784
2645,111370.0337909483
2646,98690.79844211448
2647,107068.85702286374
2648,142166.4258297647
2649,151093.4759758971
2650,132290.18775273516
2651,143416.45291123647
2652,421119.9179541985
2653,242956.23995414743
2654,266316.6450221535
2655,418283.48512875685
2656,324225.5868784584
2657,363555.2400648472
2658,306006.44704699493
2659,301845.5307335551
2660,374827.91806169896
2661,348131.9349160415
2662,365444.4107074283
2663,296683.7517055503
2664,270842.28606586717
2665,321970.0007774694
2666,279516.82821866014
2667,177474.16846391157
2668,180301.72924531114
2669,179745.5024678036
2670,269174.73308252794
2671,187394.71111162705
2672,195871.51439869034
2673,196564.18193326172
2674,193559.88020120838
2675,180314.5672233372
2676,190055.06756319813
2677,197993.21642842639
2678,234259.9569297305
2679,269558.18754648004
2680,285333.0377146882
2681,400859.0269634195
2682,314320.4917806588
2683,570710.9742155593
2684,303182.0858737286
2685,316132.3634524124
2686,253811.2424337879
2687,309740.3679489288
2688,209378.6714518184
2689,205330.8584472719
2690,447234.36726618384
2691,192141.36521979436
2692,141070.3556657794
2693,203353.67169273295
2694,132809.60429507375
2695,193889.32854746206
2696,185138.7815600916
2697,187892.3921023551
2698,181568.67606835824
2699,171475.12773352393
2700,155265.9830956362
2701,147560.9809785061
2702,111911.64487522663
2703,121659.00686144721
2704,139443.36387702986
2705,112309.15627940319
2706,109410.92127427904
2707,116981.48748586171
2708,131704.1261885014
2709,99422.55134257658
2710,127590.07033818595
2711,333623.269657347
2712,397538.13322988653
2713,180770.77120353057
2714,154386.13742727245
2715,163345.50407062375
2716,145364.15054460033
2717,205173.74465233844
2718,225806.83007892294
2719,160742.51241858903
2720,172161.4124378853
2721,133093.71926275617
2722,160313.9116225783
2723,136105.1928082691
2724,130447.18045108671
2725,128028.40759634187
2726,152890.20445267422
2727,176267.99165220992
2728,177222.53249798313
2729,148198.12306425496
2730,144130.70001353865
2731,123900.74258558528
2732,127329.1410146928
2733,157486.6025550338
2734,142952.52264674343
2735,138427.04441589362
2736,141282.66082147165
2737,120156.71818969127
2738,137615.03112407133
2739,153584.35167583046
2740,138296.1097532795
2741,143869.0917598834
2742,158651.89917186304
2743,157002.83521813154
2744,161968.82052642576
2745,142460.83543947455
2746,139383.82603193354
2747,140607.822319298
2748,125718.06922914047
2749,130889.26541445525
2750,125454.66727835342
2751,134877.61225146754
2752,164173.27450200115
2753,149639.3989332943
2754,226405.84433750215
2755,142803.37445659275
2756,96918.08264051015
2757,67871.76818634642
2758,102564.08331418814
2759,169973.62759983685
2760,125801.97733503979
2761,141056.07646878375
2762,139703.49430137928
2763,181481.66693042725
2764,137515.31476171812
2765,277253.55677026935
2766,109312.83926463399
2767,88501.30575354524
2768,123060.91287926842
2769,133027.83557305657
2770,133079.16902959367
2771,105821.53590622584
2772,107809.29161878303
2773,174056.2924105483
2774,142329.42495313985
2775,109628.76203806887
2776,139417.2851776699
2777,153359.93415304317
2778,105836.41902617339
2779,121745.03676518757
2780,89452.15652937589
2781,93966.83986502059
2782,104485.36278473209
2783,105398.82770961268
2784,126528.60388503296
2785,140073.02114152073
2786,69730.71356760382
2787,120186.80228637623
2788,78801.43732903415
2789,168076.40888218346
2790,96259.92384287805
2791,115181.06906356472
2792,59189.43995345769
2793,122533.60055967771
2794,101030.44386050061
2795,119328.10581457378
2796,97439.88272749833
2797,208276.6469199331
2798,99338.6294468831
2799,110444.29868708346
2800,69338.88340465173
2801,97156.78922897164
2802,120978.03015863984
2803,169159.5905701287
2804,123478.48675642646
2805,91936.67298829745
2806,85735.86952395827
2807,204600.0350317464
2808,146807.47861351003
2809,128891.48731209729
2810,124643.3977222791
2811,158882.15578844876
2812,169135.98260772738
2813,166494.04770782997
2814,169005.05102458672
2815,90990.40520463156
2816,222501.1269745565
2817,159575.48769933239
2818,133996.6630814494
2819,181871.63289074702
2820,141463.81288961603
2821,108438.59033872963
2822,179579.51501643227
2823,351703.3943517373
2824,182836.00582293427
2825,144464.71802780873
2826,137892.06223767792
2827,134361.0075860442
2828,224819.50968377735
2829,210258.4156612033
2830,234970.89541919838
2831,172444.53792384098
2832,247944.4209620929
2833,298662.7215119104
2834,224507.28032334708
2835,223551.7534718877
2836,189951.29420477405
2837,152817.11926661598
2838,151551.49623425122
2839,181459.06094710415
2840,202019.60522936148
2841,199011.60016460094
2842,229608.76004796947
2843,150614.7149482003
2844,165170.83864009488
2845,126525.3867838359
2846,203535.3769337557
2847,215514.11924024997
2848,209238.51698965448
2849,198299.65104141942
2850,265005.28076937667
2851,206048.1756196525
2852,232537.79680187008
2853,235108.72529104087
2854,140758.22999796012
2855,200791.75452645274
2856,200970.19104989522
2857,184658.1180773349
2858,202017.01097521835
2859,118406.7293121208
2860,136345.98422297643
2861,123344.5442945116
2862,191374.94731964465
2863,126906.42005785267
2864,259555.40684770592
2865,140890.45028933894
2866,139869.06175011888
2867,116790.74690404905
2868,99727.88737965198
2869,102310.16985791903
2870,119116.54205274537
2871,86764.46490765695
2872,62547.07663090189
2873,98246.81636306072
2874,133826.12270753412
2875,116317.12424038655
2876,161335.412790145
2877,152634.40811709885
2878,166523.10581818005
2879,135941.01508229034
2880,104864.63713508568
2881,143301.66792228955
2882,179290.2048597345
2883,202941.51936922164
2884,186430.58934514626
2885,181945.30976090272
2886,237374.71133303456
2887,91597.88104659221
2888,141743.9786490799
2889,61764.32650677384
2890,85770.24359196599
2891,138110.7795163654
2892,38747.50136831253
2893,62567.65571161299
2894,48799.04913419312
2895,339982.9186841114
2896,288520.85534961
2897,207415.96430382144
2898,144555.44428622338
2899,202445.2235748847
2900,159201.03320007015
2901,200628.56089634573
2902,165394.07673403353
2903,322406.88043428154
2904,354892.36362895515
2905,73077.79769799284
2906,191557.42164006006
2907,106687.25638154306
2908,132160.5673223813
2909,147099.41408694652
2910,79218.72103605891
2911,83288.50509289412
2912,144622.3904805469
2913,81625.00730517987
2914,77259.29961746921
2915,83620.57421119833
2916,83936.07787462338
2917,166364.4332603069
2918,113473.54336527536
2919,217023.65419442387
